0.774794865757
0.68558728489
0.607508747213
0.531703601315
0.46941918815
0.40840594103
0.356077262141
0.301109813128
0.264978451919
0.226491371324
0.198248210399
0.173376097979
0.149594520129
0.134997369019
0.112844440345
0.090239391826
0.074068925865
0.0672121983363
0.0829151703196
0.122146645824
0.183082758286
0.257530576254
0.336297394233
0.411568582337
0.478048848184
0.533353247663
0.577650441746
0.611639449094
0.637501606471
0.655274070281
0.667802472735
0.674530426078
0.675825611538
0.672616897799
0.666107789336
0.660959814217
0.662643252728
0.675327502438
0.700699890911
0.73624204822
0.77530931208
0.809021141803
0.830412292532
0.836992050477
0.830231769705
0.813264269892
0.789535938025
0.762171479631
0.733477134957
0.705804858507
0.681067605795
0.660545452122
0.644420219374
0.63077475345
0.615938675715
0.595433627987
0.565647921188
0.525800108735
0.478593908821
0.428716243051
0.380707340714
0.337944337606
0.302633106547
0.276154107624
0.259239391459
0.252152307952
0.25460110099
0.265615498753
0.283605059276
0.306616533953
0.332995312913
0.362148149248
0.394949193942
0.433457586526
0.47951380369
0.532600941582
0.588938618216
0.643233109291
0.691317368541
0.731347062106
0.763493763031
0.789151058088
0.810250429353
0.828797180293
0.846533191276
0.86469231069
0.883863084635
0.903995413319
0.924542414882
0.94457666406
0.962643314414
0.976203898961
0.981072468261
0.972181652802
0.946260583569
0.903900324353
0.84877294382
0.785510341882
0.718233568757
0.650015937767
0.582864966749
0.51791976396
0.455726306136
0.396513175422
0.340406995845
0.287547966911
0.238114225022
0.192309648866
0.150376242241
0.112659890466
0.0797069920931
0.0523530931256
0.0318251545327
0.019910509298
0.0191318487016
0.0326670816018
0.0635986395756
0.113288617185
0.179602839711
0.256571702476
0.336191359883
0.411053735374
0.476034505306
0.528553971804
0.567993441814
0.594947375706
0.610657716802
0.616699952113
0.614868376121
0.607186529205
0.595992298857
0.584061073423
0.574692421422
0.571604397643
0.578443763543
0.59785520554
0.630269614785
0.672673519553
0.718142980254
0.757800212521
0.785011768106
0.798076334498
0.799362201267
0.792993792027
0.783178213768
0.773442436719
0.766352755336
0.763394901842
0.764905345358
0.770066966602
0.776995631413
0.782863129548
0.783960563836
0.775869355608
0.754450874448
0.718072439234
0.669319353526
0.613833282702
0.557513842356
0.504771166542
0.458201129208
0.418840469334
0.386502873147
0.360106402
0.338028731926
0.318506390757
0.30003918684
0.281724210337
0.263457643249
0.246018280635
0.231129141521
0.221570400231
0.221203002842
0.234420492359
0.264525009794
0.311527279757
0.371309610962
0.437366646871
0.503578313061
0.565819648322
0.62202745786
0.671538129313
0.714395477291
0.750890970816
0.781348391981
0.806088825744
0.825508693871
0.840221817026
0.851237356293
0.860139517955
0.869154506336
0.880840723277
0.897102499509
0.917601315881
0.938443053134
0.952685427499
0.953305292203
0.936480624766
0.902437483226
0.854108871972
0.795487430151
0.730587506423
0.662954080335
0.595465109639
0.530271561692
0.468801182917
0.411786120503
0.359300284836
0.310842249712
0.265558058577
0.222664259881
0.181922532373
0.143836170329
0.109444492083
0.0800112478184
0.0569480562831
0.0420113163862
0.0375968187102
0.0468444270527
0.0730997810395
0.118336500237
0.181089250311
0.255771348821
0.334509829313
0.409996404479
0.47718623869
0.533402699672
0.577668388721
0.610036725344
0.631202880331
0.642330172438
0.644960052063
0.640961789594
0.632544323784
0.622339561687
0.613504611792
0.609694031981
0.614666897766
0.631372661918
0.660651251667
0.699917737787
0.74259207874
0.779758295297
0.804162400921
0.813269487121
0.808936429028
0.795236992943
0.776631846158
0.757039366645
0.739480369141
0.725943616102
0.717294514579
0.713189055053
0.712030411516
0.711012341575
0.706281922201
0.693397108836
0.668548294218
0.630601288169
0.582334114097
0.529155740481
0.476609881941
0.428900468674
0.388655872243
0.357147247545
0.334510775608
0.319923847527
0.311822376926
0.308222231402
0.307135113767
0.307018534222
0.307188579843
0.30814551345
0.311793536057
0.321475534043
0.341455578999
0.375249637087
0.423106428335
0.480877015021
0.541981801321
0.600628166125
0.653514050565
0.699672608748
0.739559834539
0.774199909777
0.8046396437
0.831697059212
0.855919362747
0.877663265341
0.89723177086
0.91502729864
0.931678629231
0.948020868937
0.964648761159
0.980769589507
0.992856125439
0.994944235682
0.981617122972
0.951008676484
0.904887675809
0.846849761564
0.780774415995
0.710120883179
0.637739798316
0.565878925107
0.496235214464
0.430009719434
0.367960733538
0.310459102444
0.257554134663
0.209071701061
0.164774687864
0.124573598129
0.0886840323789
0.0576414449196
0.0322630471464
0.013728004226
0.00381683107166
0.00518775574768
0.0213764350787
0.0559378306458
0.110306282653
0.181414331575
0.261635305295
0.341773069036
0.414417675132
0.475300797406
0.522861808413
0.557242237643
0.579461365386
0.590951507315
0.593367362939
0.588541527901
0.578516029342
0.565635773878
0.552691906267
0.543045447666
0.540548499139
0.548997122183
0.571010927759
0.606613076663
0.652028643584
0.699738766048
0.74115600443
0.770680663116
0.787453449404
0.794036820093
0.794308794366
0.792073736987
0.790422243033
0.791474301913
0.796275865983
0.804786227274
0.815966983822
0.827946138986
0.838121211275
0.843051532329
0.838363150128
0.819617109946
0.784777243468
0.736222013088
0.67955191136
0.620660104389
0.563937044764
0.511927843073
0.465600272074
0.424739302611
0.388355808227
0.355103605889
0.32368207704
0.293163604763
0.263180395308
0.233960151136
0.206288163862
0.181518466357
0.16170105866
0.14974251184
0.149331652694
0.164248968587
0.196868956888
0.246492696282
0.308980420449
0.378275563933
0.448536161293
0.515397078863
0.576132734092
0.629263485198
0.67410240578
0.710452308461
0.738465283509
0.758605988966
0.771671619399
0.778860033488
0.781890152319
0.783132983229
0.785610477891
0.79262764928
0.806866550109
0.829063346888
0.856725755212
0.883721845282
0.901879926152
0.904472060957
0.888964374593
0.856970150177
0.812432244891
0.759899970991
0.703556893253
0.646822776051
0.592240400257
0.541458921438
0.495215045447
0.453291112092
0.414531178455
0.377096901309
0.339112171394
0.299555609933
0.258873837386
0.21882218372
0.181723878152
0.149859501387
0.12535965253
0.110416713998
0.107459956177
0.118975389763
0.146769848539
0.190867247188
0.248795825711
0.316007188017
0.38722147208
0.457721908898
0.523913869947
0.583215554958
0.633752232062
0.674253238636
0.704193996841
0.723927543194
0.734625233278
0.738107070422
0.736711898984
0.7332436858
0.730904271931
0.733053451013
0.742662228593
0.761461279832
0.788922213156
0.821335005373
0.851713485179
0.871671575828
0.874973578778
0.860039842848
0.829539532289
0.788285030928
0.741350800642
0.693075260028
0.646714621679
0.604381604525
0.567041463181
0.534490242335
0.505364280836
0.477322934188
0.447569323741
0.413764924977
0.375086889319
0.332781934446
0.289694740269
0.249170563513
0.214263195234
0.187586617531
0.171470223726
0.167987122032
0.178637530623
0.203774942875
0.242177292284
0.291189860583
0.34744150514
0.407687932758
0.46932214001
0.530377376018
0.58911577004
0.64353409299
0.691306893333
0.730397847001
0.759825552368
0.779940416844
0.792216105584
0.798915974745
0.802817827036
0.806942889742
0.814167375036
0.826675683379
0.845333907471
0.869109567729
0.894694752125
0.916649882699
0.928489007761
0.924690352302
0.90271999286
0.863796329455
0.811971383007
0.752378217353
0.689789706858
0.627910567937
0.569195663627
0.514894521777
0.46517118083
0.419293785245
0.375957307675
0.333768078139
0.291793027968
0.249952317184
0.209055133185
0.170503129751
0.135930388325
0.107050291076
0.0857669536993
0.0744089024992
0.0758206828551
0.0929581682671
0.127750720727
0.179646520126
0.245013309345
0.318110844588
0.392873435613
0.464230283785
0.528521586355
0.583362837521
0.627412765572
0.660229846284
0.682172587717
0.694271866088
0.698092862621
0.695653234989
0.689430491609
0.682416037407
0.678083420652
0.680074624879
0.691480146328
0.713811347551
0.745889118292
0.782961104773
0.817006770642
0.839450840968
0.845104702952
0.833883593038
0.809380895619
0.776529689198
0.740053483096
0.703816217518
0.670635470184
0.642224068912
0.61911104506
0.600534384386
0.584406058633
0.567511799536
0.546116510271
0.517099006156
0.4794121895
0.43492452891
0.387685869345
0.34222215069
0.302343137434
0.270886824181
0.249865047878
0.240527555255
0.243232373005
0.257281043885
0.28096422918
0.311934609051
0.347800832465
0.38672835249
0.427868953193
0.47146277928
0.518382281181
0.56894806087
0.621553997819
0.672571990247
0.718065528986
0.75563877328
0.78496568419
0.807309081559
0.824818573575
0.839932621135
0.854886973606
0.871303349477
0.889895274886
0.910347066326
0.931378508397
0.950927193599
0.966298382354
0.974162929261
0.970615431003
0.951995098552
0.916699631199
0.866425538137
0.805347030252
0.738248460448
0.669195502875
0.601049044228
0.535477332355
0.473190375866
0.414271326517
0.358529273714
0.305792624519
0.256073077573
0.209585865945
0.166682797467
0.12778828114
0.0934070884244
0.0642239686323
0.0412773283154
0.0261794054613
0.0213299608321
0.0299320285693
0.0553968707971
0.0997995864326
0.161934930192
0.236605121307
0.316114517616
0.392845387506
0.461114466427
0.517685745095
0.561385828319
0.592439131504
0.61188359408
0.621185280674
0.622048352208
0.616378922213
0.606358727941
0.594585031203
0.584205696578
0.578900257467
0.582488698065
0.59805619383
0.626757514656
0.666578797843
0.711570199784
0.752998284025
0.783157511248
0.798888673026
0.801653432654
0.795337365388
0.784282060784
0.772295531265
0.762288421233
0.756138599694
0.754604738791
0.757271049497
0.762568229325
0.767873649988
0.769617537648
0.76345299139
0.745027879224
0.711950276158
0.665814296686
0.611755562369
0.555805846995
0.502794815206
0.455761318712
0.416131780382
0.384040059152
0.35862945774
0.338369515461
0.321426438817
0.306073590382
0.291079359368
0.27599576546
0.261317800938
0.248571977645
0.24041647552
0.240664708541
0.253784667239
0.283306069339
0.329517764992
0.388443929128
0.453541646211
0.518613834137
0.579546220013
0.634389640135
0.682651674225
0.724554473919
0.760539924836
0.791031886669
0.816386645325
0.836964122757
0.853271898133
0.866150660329
0.876962805703
0.887672105236
0.90055052544
0.917188920358
0.936877538446
0.955360757186
0.965661934525
0.961320798831
0.939403444441
0.900819533345
0.848775897027
0.787238681266
0.720058631765
0.650585836942
0.581523587096
0.514889432141
0.452027259734
0.393641942216
0.339846933586
0.290253797893
0.244179208921
0.201013320497
0.16061439625
0.123454214508
0.0904413168533
0.0626976072066
0.0415600513657
0.0288139147135
0.0269882173038
0.0394101991884
0.0695088537728
0.118974784848
0.185575801681
0.262803717473
0.342243768044
0.416614738505
0.481265215748
0.534014823885
0.574343338485
0.602679507796
0.620003783461
0.627675892446
0.627359404384
0.621000043214
0.610870298566
0.599679313822
0.590684878165
0.58763966368
0.594319152276
0.613498517533
0.645580879031
0.687319677717
0.73154419054
0.769365699135
0.794308678229
0.804750115807
0.803028928649
0.793248729298
0.779659494164
0.765884416209
0.754622796446
0.747523629426
0.745101541081
0.746687155644
0.750444353833
0.753447940863
0.751794636564
0.740953098746
0.716989840894
0.67880170855
0.629427162005
0.574558072131
0.519874933243
0.469564696941
0.426113609916
0.390556526364
0.362757458946
0.341671177879
0.325643663766
0.312782061509
0.301367333127
0.290243481733
0.279115929081
0.268741242339
0.261059107307
0.259283619979
0.267706574741
0.290620958669
0.33011501056
0.38408670246
0.446716479386
0.511286645426
0.572736770459
0.628409416865
0.67751153573
0.720269937134
0.757280835038
0.789148767241
0.816355668516
0.839280153365
0.858308815798
0.874004730285
0.88730324372
0.899662467972
0.91296897925
0.928855137216
0.947252414799
0.96486088202
0.97529353881
0.971926920909
0.951267259845
0.913773319785
0.862425882652
0.801089546131
0.733562704916
0.663176436237
0.592655105882
0.524083442031
0.458920278679
0.398034740202
0.34175421237
0.289935472048
0.242108106213
0.197745946592
0.156614123228
0.11898013208
0.0855464622253
0.057270340247
0.0353406788693
0.0213793850798
0.0177435613682
0.0276685754768
0.0547664138629
0.101350868936
0.166046565031
0.242836310188
0.323093220745
0.398907976447
0.465047575984
0.519014298615
0.560212343672
0.589121923184
0.606798101012
0.6146462002
0.614336781999
0.607787832146
0.597210594822
0.585221318015
0.574972795475
0.570161372242
0.574658148189
0.591575873922
0.621913933332
0.663208059502
0.708970031501
0.750390796638
0.780341195255
0.796323064382
0.800062423702
0.795379962467
0.786445998754
0.776895254196
0.7694714372
0.765880800831
0.766713785633
0.771420481096
0.778362745977
0.784911272844
0.787498602898
0.781728360023
0.763186793236
0.729569051724
0.68271414744
0.62791682895
0.571176110912
0.517201322942
0.468907997591
0.427614734211
0.393369607044
0.365271259391
0.341810422763
0.321254124702
0.302045399111
0.28315162047
0.264295604945
0.246063648837
0.229969792054
0.218562500708
0.215489534351
0.225116244665
0.251161983109
0.294537710259
0.352029551868
0.417454686558
0.484387849357
0.548147524098
0.606186068513
0.657536228169
0.702095758873
0.740107169042
0.771887910198
0.797757685926
0.818094345362
0.833464470776
0.844796516962
0.853567540619
0.861913386049
0.872434117193
0.887385468598
0.907199501849
0.928972705391
0.946340307545
0.951861767701
0.940567643684
0.911618522871
0.867383873937
0.81171358624
0.748700463399
0.682058885035
0.614865551208
0.549472007051
0.487495587439
0.429840645057
0.376728039957
0.327756271611
0.282082463375
0.238812068617
0.197509858562
0.158509050721
0.122787823884
0.0916222507837
0.0664125206906
0.0488117623647
0.0410147321404
0.045947558941
0.066958814417
0.106558116611
0.164395607676
0.236035088579
0.314093722837
0.390976221913
0.460976788505
0.520779687952
0.568940994452
0.605199307752
0.63002570734
0.644415500211
0.649784944379
0.647903497953
0.64087862859
0.631214788086
0.621914487608
0.616501977519
0.618753362543
0.631935078477
0.657595971266
0.694218276165
0.736308385166
0.775267844991
0.802923731331
0.815272746292
0.813127876372
0.800194158116
0.780998211552
0.759708740202
0.739657992614
0.7231728484
0.711482338227
0.704625470187
0.701381141703
0.699275709446
0.694714354964
0.683359540776
0.66113754201
0.626119386819
0.580119164138
0.528051207829
0.475543897223
0.427147190796
0.385868507267
0.353337280598
0.330026635356
0.315409435607
0.308129996252
0.306279390827
0.307788045138
0.310883552045
0.314540427921
0.318860585975
0.32534554157
0.336980734968
0.357812417972
0.391427659477
0.438455597133
0.495168011167
0.555170040497
0.612645800722
0.664239582296
0.709000749128
0.747477278113
0.780827883693
0.810235621134
0.836622233507
0.860587329169
0.882486014825
0.902568776722
0.921129078415
0.938610685085
0.955566677965
0.972219913687
0.987381846838
0.997258736289
0.995985105045
