0.5
0.498295596439
0.508203600226
0.510205229599
0.513278397625
0.494202712128
0.481298605991
0.49035488368
0.499750893338
0.507660905678
0.52140996551
0.508774245515
0.491174127859
0.501915491527
0.517572175783
0.537175942222
0.553945737385
0.554690575855
0.573798190394
0.578055909382
0.581090559694
0.563892564903
0.557910918598
0.564339373595
0.564280206911
0.546594386214
0.549645172186
0.531637365108
0.534134547931
0.54207816952
0.559944141209
0.579710337265
0.576979055531
0.586162830967
0.571706740776
0.573371181552
0.579077691607
0.572647510753
0.591186598206
0.607243362732
0.615527192558
0.626243601542
0.618273299882
0.62458062082
0.622526536352
0.63520656126
0.640926663945
0.651917834315
0.665837740356
0.683142501789
0.670372786081
0.662498268035
0.654728609444
0.655901522032
0.641560381221
0.630783609091
0.617298514607
0.624096242118
0.633976664658
0.614300320558
0.613636105027
0.604871573554
0.610916453055
0.600574983527
0.600011489337
0.584137391028
0.573354034915
0.574640466938
0.561452953222
0.550311671497
0.556159523287
0.559174588256
0.572573651662
0.590801448663
0.573334279792
0.553945372823
0.560141293062
0.552810003119
0.536906679523
0.545952058063
0.527727351243
0.525581888866
0.521087500558
0.509452440872
0.503860864879
0.484459837597
0.489381188764
0.478128165209
0.491162953163
0.474933600471
0.479670584519
0.495874573149
0.485368108271
0.497711622286
0.517524728577
0.528056088625
0.535148342811
0.549158559879
0.556846401971
0.567592708875
0.587394503544
0.597585592918
0.583780431263
0.567211014686
0.578325334275
0.582247813997
0.589157684294
0.580817989355
0.598730906077
0.583808544069
0.602701038115
0.602023878685
0.611071158064
0.600698845288
0.613608283191
0.619640473688
0.618971451505
0.619287416857
0.628727505694
0.644419425047
0.637736079716
0.63936478105
0.625037442155
0.611592804288
0.602760754169
0.619506312317
0.63559603503
0.618449490357
0.599979023924
0.609589441062
0.596572357144
0.581178430174
0.600123650396
0.611387761593
0.604170023641
0.608696247763
0.599365384705
0.582529031534
0.599139508127
0.602356136311
0.593637392011
0.604258477711
0.588091545836
0.569578099863
0.583374330856
0.568587760671
0.577087418795
0.566852644346
0.578641560628
0.570858406356
0.559915224942
0.579270612247
0.563949085937
0.577838374392
0.580976205713
0.564936647956
0.573655847077
0.577364507744
0.574634687821
0.559394746598
0.552760700036
0.550706334743
0.531546129444
0.546640281251
0.562789614852
0.556119731128
0.569485598206
0.566647202197
0.548463588024
0.555886372561
0.537304307735
0.546214380316
0.555491876272
0.540296644445
0.523547332544
0.528467452816
0.541145059733
0.555098366938
0.551129139992
0.541257971336
0.557139936594
0.556734274563
0.546563847887
0.538550053069
0.556108944678
0.539424507839
0.530193068943
0.517004361225
0.530680068169
0.539739166329
0.537588568366
0.5241411373
0.537100465413
0.519113339176
0.510021570763
0.523184978334
0.541099812441
0.534262720857
0.523000393289
0.517197684558
0.49843448052
0.517396768027
0.523355374412
0.530681504671
0.55042821718
0.54520408796
0.52834161338
0.546401896585
0.537138569684
0.519272325577
0.524741768513
0.520339065302
0.5334511409
0.533534034045
0.537200966026
0.555380201409
0.561883476959
0.562532527436
0.574658296396
0.587476170031
0.579042787529
0.560489205145
0.545196884586
0.534084283116
0.523801390073
0.507180379623
0.507915088778
0.523708184193
0.538081114279
0.555550106541
0.556889671141
0.57314257233
0.589982438734
0.600233399759
0.602242552387
0.612680670802
0.60644580587
0.607279884466
0.612858548575
0.616829933812
0.629248763762
0.625665269691
0.628690812722
0.615494107284
0.617054872608
0.626496850137
0.623186974755
0.623943091514
0.614118417929
0.598778571378
0.582847355169
0.596916389294
0.586551585885
0.586757300461
0.602733216437
0.590538216238
0.594923477134
0.610230738801
0.59068665986
0.6073923713
0.620642187522
0.617380348985
0.633819218839
0.636390660534
0.645392732849
0.637816964121
0.64539331026
0.65154712746
0.642263574208
0.644738200183
0.631272819537
0.642505536346
0.650398218472
0.66684711004
0.661091552505
0.64514517047
0.66411324112
0.648240140717
0.644425145658
0.664297071574
0.645300670954
0.656045709563
0.647564268998
0.62901089018
0.642008043755
0.637528300201
0.622640091839
0.611394137561
0.629005383951
0.63779753864
0.62503830804
0.606549063563
0.61057927408
0.616111238562
0.602771879834
0.619797461036
0.60754802107
0.614843931696
0.596731558439
0.603550613967
0.598228464023
0.614756276762
0.604320417306
0.616156664529
0.624433862161
0.626207152666
0.64040302534
0.644384753699
0.627884451131
0.62245701783
0.610685828063
0.594084719011
0.594604673162
0.591013989276
0.603921834618
0.617042713264
0.617372120349
0.614880177709
0.633730814414
0.616182591506
0.603112055868
0.592357769265
0.598695779826
0.587580153402
0.596777182374
0.608810758898
0.626749312089
0.631054419881
0.645989235685
0.655808502275
0.659290466347
0.671778547859
0.652358765157
0.633514830865
0.637163707514
0.650857406185
0.660535045781
0.663800253499
0.68029060325
0.679662255047
0.685388946653
0.665516745602
0.663006604176
0.679422192554
0.683736020873
0.682838731892
0.699652421653
0.680273804755
0.668100327698
0.668669728902
0.674986483083
0.66677668621
0.662489424038
0.675527618851
0.658881369632
0.668243128765
0.681681217317
0.662048207354
0.645424817127
0.664435028629
0.665228887238
0.663939873735
0.667178922228
0.672886221948
0.65826660321
0.663778595155
0.659217862885
0.647628268868
0.63875872241
0.642994607916
0.643424451871
0.642595356872
0.649159586954
0.664723650772
0.647587403283
0.656787550495
0.655861447151
0.654800792988
0.672091923526
0.669462388693
0.682037628548
0.673194146859
0.664099102171
0.652988083851
0.660817284641
0.666723233039
0.669332742326
0.675329729485
0.694791559704
0.711364320217
0.698713046495
0.697639295896
0.679408602059
0.666100266241
0.663752907769
0.655789104348
0.675755668083
0.6907436827
0.681548930849
0.689254828596
0.701730261158
0.706057664479
0.695575569846
0.689029568167
0.672440055078
0.688697873946
0.682247490187
0.669893640467
0.660360462349
0.660886040069
0.647853022474
0.648823356527
0.641866714734
0.650580858888
0.636426868199
0.651942842711
0.6683147747
0.658988113258
0.644173862116
0.624420107092
0.624652332198
0.632699304313
0.644942269987
0.649531878452
0.667358818932
0.668823848039
0.678376197276
0.663679159296
0.680554274503
0.681878934067
0.687357728579
0.681497410254
0.697715569088
0.713900320003
0.721452574393
0.728287477254
0.739389851143
0.756953273583
0.740902842741
0.742159776278
0.728133284274
0.710056817931
0.7150034636
0.724234964573
0.72005295206
0.738492533229
0.754674765473
0.736268191307
0.717985750963
0.732836669213
0.743952544829
0.746779096237
0.751203104039
0.74937910617
0.733834992663
0.737893401623
0.755761830833
0.756729061301
0.747916274772
0.745450725712
0.756492342773
0.767477944499
0.752337014212
0.770329994375
0.77254718105
0.777125444357
0.78144764003
0.800196347936
0.789868656192
0.77470025433
0.783942160624
0.782739646863
0.769862535541
0.764278646638
0.763987853799
0.773398814447
0.755593885445
0.749884562534
0.767418541399
0.752293132245
0.761235280068
0.749158971972
0.739797952992
0.751927298428
0.736716020856
0.74855264317
0.75987568814
0.770165993782
0.756961131714
0.768716503808
0.752789159557
0.768796731791
0.77684254355
0.764516953154
0.760136422417
0.776684530023
0.774103795288
0.768885457415
0.763102793237
0.761861763141
0.771263230306
0.777294288424
0.795368255068
0.80698353169
0.800841041965
0.79386630561
0.79589247279
0.786967069106
0.797502949957
0.786202724236
0.795680530226
0.81553221241
0.832680090906
0.826611351005
0.82272780401
0.805015202252
0.807257744374
0.794114713163
0.800527311836
0.818481025772
0.837000528879
0.827659473174
0.819638582139
0.822464316096
0.837871098907
0.826451518192
0.81517731643
0.828740375709
0.827057628816
0.827942774787
0.829027238949
0.816801895281
0.835937820383
0.843983776509
0.836422054891
0.823368067089
0.824211546703
0.811549767115
0.792959924182
0.79063865365
0.787639629718
0.792628141099
0.789694422981
0.801210549617
0.796929410281
0.802870135332
0.797207307735
0.780667050909
0.780670869591
0.800508121172
0.782306622239
0.788136962769
0.803316290177
0.809970168563
0.804741962917
0.821786361195
0.837169339994
0.835748796616
0.818862554111
0.818801388277
0.811025734242
0.802107404557
0.795229936163
0.784835776436
0.781736371445
0.775798105352
0.758900168299
0.762329301406
0.757096216245
0.776723160817
0.775857588851
0.764250044359
0.767463854247
0.75341616009
0.7684472772
0.76145912829
0.772715015355
0.768836746075
0.768563099974
0.751579253631
0.768546850002
0.749739690741
0.733013995544
0.738754709553
0.727479858532
0.709212130933
0.690287088936
0.693067364006
0.684829097279
0.6778200277
0.678931024943
0.683512164258
0.686233281454
0.675152814621
0.666752064321
0.681740035707
0.662217739887
0.669757953166
0.666559154272
0.662031162953
0.651346671294
0.638986684562
0.655144386275
0.637647740497
0.655366392892
0.642719785078
0.63752565216
0.623514130077
0.617566620093
0.632904013535
0.646966083762
0.628328937808
0.64358984118
0.628847663672
0.631377313932
0.617377828424
0.633975990966
0.617930109706
0.633623068754
0.636085785655
0.626067909194
0.608302233455
0.621658357674
0.615702700821
0.632298145871
0.651308259729
0.651275549721
0.669819802118
0.656648974403
0.657654638533
0.661113400984
0.652691851344
0.660804874141
0.671917432935
0.652145708284
0.66778052533
0.672644088211
0.658676100838
0.645250825654
0.659838354697
0.643897728093
0.636568262734
0.625090788537
0.608352099977
0.58981177645
0.588459680914
0.584365263284
0.565822035508
0.563365207892
0.574785504432
0.561287368206
0.572655303192
0.55646130448
0.563334621129
0.57745347759
0.570586897776
0.57376432896
0.591622541277
0.604789119327
0.623602269845
0.622109365973
0.630606836308
0.630934771869
0.611103903231
0.613538793417
0.610379716441
0.614227031474
0.615819123605
0.597545340611
0.586264574359
0.591255317249
0.604085100522
0.615327456822
0.633279549312
0.648638930142
0.643414335339
0.661494805871
0.646553184921
0.638991795198
0.632408986133
0.642683031176
0.654400226675
0.643457217457
0.653482442117
0.648158971411
0.651637358081
0.66911165384
0.658375304606
0.657898983031
0.647216877065
0.659814724462
0.652938298002
0.637331381727
0.647926008391
0.637133855921
0.619010147214
0.60454057382
0.597528353377
0.587342666955
0.56790490561
0.575437678735
0.563714011783
0.57746081698
0.577927995357
0.571129379572
0.557901136892
0.559430338569
0.573453009746
0.576180233931
0.55885387118
0.543610220485
0.540993533192
0.525018970851
0.513016145704
0.524925547546
0.524498450272
0.540365721199
0.524611522999
0.536338185586
0.555456499671
0.556268042974
0.538968443663
0.554943193206
0.541981542888
0.557633324082
0.556280846916
0.559556861569
0.560057499804
0.541131309942
0.554802542017
0.545492434
0.563026693154
0.546628291924
0.549052849176
0.563703190707
0.560431145335
0.573360411971
0.565004954148
0.579414716311
0.563718336355
0.581236594506
0.591253821018
0.606260225458
0.624055589037
0.609948310711
0.627496486814
0.622905671082
0.618903464241
0.629474340705
0.63959439393
0.63210861352
0.637256966516
0.636811481286
0.622047158106
0.6093516706
0.592361354839
0.602970748126
0.6126611655
0.614887512094
0.631445025884
0.630820999359
0.632371372184
0.618733127665
0.630019397061
0.648825829476
0.635514621517
0.63869945166
0.646209368782
0.642088512596
0.629496973919
0.646784907467
0.627761443876
0.640239191807
0.631976974775
0.630020364379
0.616481847283
0.622983666742
0.632070645693
0.616297787532
0.607669146843
0.58997234788
0.58481432328
0.580192655966
0.57707481242
0.574607322057
0.567524468326
0.580042565869
0.578178918849
0.580165225419
0.595455567896
0.599482507809
0.602255007553
0.619059124451
0.638652223617
0.630986658223
0.637273825647
0.64274550552
0.65920610431
0.639921835927
0.64296086534
0.639348200774
0.643462019806
0.657578499775
0.667303826267
0.685091687933
0.690537844123
0.702913518497
0.719479951067
0.716036377668
0.732756283368
0.715149042791
0.715790496656
0.722354744445
0.725260084984
0.741176886684
0.757133385347
0.749102017586
0.749785224172
0.739737906027
0.734512911939
0.738999236939
0.75500581581
0.761334040751
0.776497945774
0.774620887348
0.763644158455
0.780977214634
0.788153840109
0.789657739761
0.805033225787
0.80495619779
0.815366699433
0.820001174717
0.802168967618
0.806574969376
0.791946027576
0.807247532962
0.8192175633
0.838855297842
0.839200790427
0.832722486994
0.824482179617
0.83580158649
0.838040992017
0.82870232242
0.814095945585
0.807601231685
0.792378062759
0.776406342417
0.78509059919
0.797903819436
0.784117031083
0.768724497045
0.782789889022
0.789648162963
0.780638868188
0.767192369708
0.754374280499
0.768505690327
0.772224729573
0.784879698692
0.775369885999
0.794986110987
0.796870385873
0.793993765434
0.80336433862
0.810359743523
0.825575267339
0.813466718258
0.817516062371
0.814184109143
0.80186606872
0.807039440736
0.79857470415
0.806981756821
0.807814740139
0.794609291869
0.796024359985
0.783478099751
0.779301401552
0.770118862451
0.767639646272
0.782350243432
0.798999958292
0.805629668996
0.823279577063
0.829213807873
0.836333451801
0.842515022672
0.858613530021
0.842574918897
0.854838862077
0.84508528327
0.853025122582
0.862494746036
0.858891344873
0.849624323143
0.854526426865
0.86832455597
0.873062860335
0.855683529655
0.85401424982
0.849224850896
0.844712673259
0.827444490479
0.810537276651
0.797437378694
0.816943614388
0.827759933632
0.84033324366
0.848802114313
0.84524077268
0.840779163705
0.830868768775
0.839972105234
0.841785273293
0.84578865353
0.846174826742
0.828991146911
0.820320252644
0.814486337036
0.809335331339
0.816533768559
0.825112032229
0.840332992335
0.820947886016
0.834419103117
0.840683289444
0.853573003714
0.845983032541
0.859987433603
0.879149099785
0.888463741729
0.88666721262
0.87248917901
0.86578484338
0.879034060534
0.887836945336
0.88827862983
0.876298135852
0.889983419872
0.907154547496
0.903324171854
0.91088106413
0.918913739173
0.925964150784
0.928425994459
0.913243254739
0.902378777204
0.909383896467
0.918332944236
0.923234800539
0.922270842135
0.930842517377
0.911073893602
0.921969315858
0.920090881159
0.923356373955
0.91827976091
0.934169878434
0.914732242802
0.914878201128
0.931633446318
0.950531301537
0.956090761095
0.954905033048
0.973599185295
0.985951963278
0.99729462452
0.982895794773
0.989534831695
0.97638914953
0.990170791734
0.987311420174
0.993983771734
0.976911054117
0.963210271791
0.955726850199
0.940748809302
0.933756564962
0.945369463261
0.955663355109
0.969056440305
0.988155443395
0.981475857037
0.994545317822
0.989296471907
0.98911932549
0.993608068056
0.996840711961
1
1
0.992417701211
0.997795981328
1
1
1
0.990647734933
0.975289160332
0.962502919576
0.971358542564
