0.5
0.549916708323
0.599334665398
0.647760103331
0.694709171154
0.739712769302
0.782321236698
0.822108843619
0.85867804545
0.891663454814
0.920735492404
0.945603680031
0.966019542984
0.981779092709
0.992724864994
0.998747493302
0.999786801521
0.995832405226
0.986923815439
0.973150043844
0.954648713413
0.931604683324
0.90424820191
0.872852606088
0.837731590276
0.799236072052
0.757750685911
0.713689940117
0.667494075078
0.619624664607
0.57056000403
0.520790331217
0.470812928286
0.421127152928
0.372229448987
0.324608386155
0.278739778353
0.235081929546
0.194071054529
0.156116920408
0.121598752346
0.0908614444678
0.0642121137932
0.0419170316253
0.0241989630552
0.0112349411675
0.00315449818327
3.83712179496e-05
0.00191769558208
0.00877369368783
0.0205378626684
0.0370926588361
0.0582726721399
0.083866278888
0.113617756222
0.147229837215
0.184366681064
0.224657228701
0.267698910293
0.313061667585
0.360292250901
0.408918747864
0.458455298591
0.508406950242
0.558274602425
0.607559994044
0.655770681757
0.702424960308
0.747056675569
0.789219882194
0.828493299359
0.864484520063
0.896833931925
0.925218310314
0.949354047906
0.968999988387
0.983959836016
0.994084116939
0.999271672687
0.99947067092
0.994679123312
0.984944905423
0.97036527834
0.951085916878
0.927299454044
0.899243556312
0.867198548937
0.831484615041
0.792458596446
0.750510428229
0.706059242621
0.659549181175
0.61144495705
0.562227211754
0.512387712727
0.462424439769
0.412836609389
0.364119686795
0.316760435374
0.271232053112
0.227989444555
0.187464675554
0.150062656203
0.116157095118
0.0860867654572
0.0601521200142
0.0386122891936
0.0216824918649
0.00953188496675
0.00228187334681
4.89672464826e-06
0.00272370589801
0.0104111354243
0.022990375049
0.0403357371677
0.0622739126558
0.0885857025156
0.11900820804
0.153237457611
0.190931443881
0.231713541
0.275176267733
0.320885358882
0.368384104317
0.417197912276
0.466839051324
